0.0
19.8
42.27071131492887
77.99991391690128
137.08505624283143
228.53732430094252
360.7596560767951
541.7349465489976
779.1281748035168
1080.3503251044658
1452.6019921756304
1902.9049191407232
2438.1258001364135
3014.087452668325
3616.080383708451
4245.995518137065
4897.972458832029
5563.424357270613
6231.902448624597
6891.48388532036
7529.06026172769
8130.62334339952
8681.58268553687
9167.129752441148
9572.653954888656
9884.210018375516
10089.030967839346
10176.076061826343
10141.287773418062
10004.158540377057
9786.840702294528
9507.27348797154
9179.99911945223
8816.804004079306
8427.231352174213
8018.996065745056
7598.323533806164
7170.2281575795205
6738.743560810573
6307.113744746488
5877.952493898088
5453.376876949997
5035.119564693619
4624.62380700573
4223.124209911779
3831.715887956349
3451.4141054578554
3083.2061401005603
2728.0967867428753
2387.148655329063
2061.5181943311345
1752.4881823622177
1461.4972693244615
1190.1670098595596
940.3267122089961
714.0363220041232
513.6074708612884
341.62274242758616
207.61859800312354
114.24741357450523
54.01132149082532
19.561519043367728
3.808620633190049
1.1249334797014399e-11
0.0
0.0
