0.0
0.0
0.0
0.0
0.0
0.0
0.0
0.0
0.0
0.0
0.0
0.0
0.0
0.0005024168344666826
0.0017176433070279422
0.003691157954056206
0.006543957469760188
0.010423048924837693
0.015492989030373825
0.021932118259927115
0.029929767100859383
0.03968348333746549
0.05139593915778575
0.06527137474868125
0.08151152561545187
0.10031103998400855
0.12185244314359192
0.14630075438612047
0.17246398709693958
0.19891063552453228
0.22546714176623453
0.252001528090023
0.27841534261393025
0.3046373312324646
0.3306183784734561
0.3563274128648656
0.3817480632849512
0.4068759101322499
0.43171621332641014
0.45628202575523424
0.4805926200621271
0.5046721710945512
0.5285486474122146
0.5522528739371698
0.5758177347461831
0.5992774905899004
0.6226671902794286
0.6460221588324778
0.6693775483856916
0.692767940485179
0.7162269905627859
0.7397871072688025
0.7634791609235015
0.7873322167177251
0.8113732894737022
0.8356271177995984
0.8601159563560351
0.8848593857150004
0.9085320784658146
0.929782416648948
0.9485698967512421
0.9648174593268319
0.9783849560217163
0.989002251746304
0.9959536146064644
1.0
